%YAML:1.0
---
camera_matrix: !!opencv-matrix
   rows: 3
   cols: 3
   dt: d
   data: [ 9.6061250933718748e+02, 0., 6.5356831294395715e+02, 0.,
       9.6880445686616201e+02, 3.6967741453221771e+02, 0., 0., 1. ]
dist_coeff: !!opencv-matrix
   rows: 1
   cols: 5
   dt: d
   data: [ 4.0098706751919427e-02, -2.1814645184633338e-01,
       7.9371743610222503e-03, 5.5261214875157580e-03,
       1.3322758322743580e-01 ]
