%YAML:1.0
---
camera_matrix: !!opencv-matrix
   rows: 3
   cols: 3
   dt: d
   data: [ 9.9340167689279656e+02, 0., 6.1471217235306074e+02, 0.,
       1.0438238424695141e+03, 3.5441231206839524e+02, 0., 0., 1. ]
dist_coeff: !!opencv-matrix
   rows: 1
   cols: 5
   dt: d
   data: [ 7.6925969014402393e-02, -4.9868062607027064e-01,
       2.7472893018879599e-03, -1.8997992338444052e-02,
       9.0123309285541642e-01 ]
